0.0976270078546 0.430378732745 0.205526752143 0.0897663659938 -0.152690401322 0.291788226133 -0.124825577475 0.783546001564 
0.927325521002 -0.233116962348 0.583450076165 0.0577898395058 0.136089122188 0.851193276585 -0.857927883604 -0.825741400597 
-0.959563205119 0.665239691096 0.5563135019 0.740024296494 0.957236684466 0.598317128433 -0.0770412754941 0.561058352573 
-0.763451148262 0.279842042655 -0.713293425182 0.889337834099 0.0436966435001 -0.170676120019 -0.470888775791 0.548467378868 
-0.0876993355669 0.136867897737 -0.962420399127 0.235270994152 0.224191445445 0.23386799375 0.887496157029 0.363640598207 
-0.280984198852 -0.125936092401 0.395262391855 -0.879549056741 0.333533430891 0.341275739236 -0.579234877852 -0.74214740469 
-0.369143298152 -0.272578458115 0.140393540836 -0.122796973075 0.976747676118 -0.795910378504 -0.58224648781 -0.67738096423 
0.306216650931 -0.49341679492 -0.0673784542874 -0.511148815997 -0.682060832709 -0.779249717671 0.312659178931 -0.723634097303 
-0.60683527664 -0.262549658678 0.641986459696 -0.805797448414 0.675889814998 -0.807803184212 0.952918930027 -0.0626975967046 
0.953522176381 0.20969103949 0.478527158797 -0.921624415491 -0.434386074847 -0.759606877574 -0.407719604956 -0.762544562092 
